-4.776004954846079897 
-0.576900290586164433 
-0.796034845891820275 
0.014370682852864988 
0.000000000000000000 
0.000000000000000000 
0.003929177408592956 
0.000000000000000000 
0.000000000000000000 
-0.088722854539869403 
-0.586022749002733323 
-0.576900290586164544 
-1.263118898971480109 
-1.115484743955069469 
0.121256950983113565 
0.000000000000000000 
0.000000000000000000 
0.076486425609962022 
0.000000000000000000 
0.000000000000000000 
-0.478968292387548289 
-0.853737263791204071 
-0.796034845891820275 
-1.115484743955069247 
-1.101466602114102411 
0.106862091599425432 
0.000000000000000000 
0.000000000000000000 
0.079150395494599499 
0.000000000000000000 
0.000000000000000000 
-0.392562230338359797 
-0.770784792215035930 
0.014370682852864986 
0.121256950983113565 
0.106862091599425432 
-1.115579650520600818 
0.000000000000000000 
0.000000000000000000 
-0.769391472658692788 
0.000000000000000000 
0.000000000000000000 
0.661036236818272172 
0.856067809896085774 
0.000000000000000000 
0.000000000000000000 
0.000000000000000000 
0.000000000000000000 
-1.021582013021532509 
0.000000000000000000 
0.000000000000000000 
-0.706849884960426667 
0.000000000000000000 
0.000000000000000000 
0.000000000000000000 
0.000000000000000000 
0.000000000000000000 
0.000000000000000000 
0.000000000000000000 
0.000000000000000000 
-1.021582013021532509 
0.000000000000000000 
0.000000000000000000 
-0.706849884960426667 
0.000000000000000000 
0.000000000000000000 
0.003929177408592956 
0.076486425609962022 
0.079150395494599499 
-0.769391472658692677 
0.000000000000000000 
0.000000000000000000 
-0.744135604015148444 
0.000000000000000000 
0.000000000000000000 
0.398966626776201982 
0.587179970712522592 
0.000000000000000000 
0.000000000000000000 
0.000000000000000000 
0.000000000000000000 
-0.706849884960426444 
0.000000000000000000 
0.000000000000000000 
-0.693867368675604168 
0.000000000000000000 
0.000000000000000000 
0.000000000000000000 
0.000000000000000000 
0.000000000000000000 
0.000000000000000000 
0.000000000000000000 
0.000000000000000000 
-0.706849884960426444 
0.000000000000000000 
0.000000000000000000 
-0.693867368675604168 
0.000000000000000000 
0.000000000000000000 
-0.088722854539869403 
-0.478968292387548344 
-0.392562230338359686 
0.661036236818271949 
0.000000000000000000 
0.000000000000000000 
0.398966626776202038 
0.000000000000000000 
0.000000000000000000 
-1.249758905477792226 
-1.135663418728262819 
-0.586022749002733323 
-0.853737263791203960 
-0.770784792215036041 
0.856067809896085996 
0.000000000000000000 
0.000000000000000000 
0.587179970712522703 
0.000000000000000000 
0.000000000000000000 
-1.135663418728262819 
-1.376098260069042123 
